
Round: 0
00000000
00000000
00000000
00000000
00000000
00000000
00000000
00000000

Valid moves for 1:
3, 3
3, 4
4, 3
4, 4

Player 1: 3, 3

After move by Player 1
00000000
00000000
00000000
00000000
00010000
00000000
00000000
00000000


Round: 1
00000000
00000000
00000000
00000000
00010000
00000000
00000000
00000000

Valid moves for 2:
3, 4
4, 3
4, 4

Player 2: 4, 4

After move by Player 2
00000000
00000000
00000000
00002000
00010000
00000000
00000000
00000000


Round: 2
00000000
00000000
00000000
00002000
00010000
00000000
00000000
00000000

Valid moves for 1:
3, 4
4, 3

Player 1: 3, 4

After move by Player 1
00000000
00000000
00000000
00002000
00011000
00000000
00000000
00000000


Round: 3
00000000
00000000
00000000
00002000
00011000
00000000
00000000
00000000

Valid moves for 2:
4, 3

Player 2: 4, 3

After move by Player 2
00000000
00000000
00000000
00022000
00011000
00000000
00000000
00000000


Round: 4
00000000
00000000
00000000
00022000
00011000
00000000
00000000
00000000

Valid moves for 1:
5, 2
5, 3
5, 4
5, 5

Player 1: 5, 3

After move by Player 1
00000000
00000000
00010000
00012000
00011000
00000000
00000000
00000000


Round: 5
00000000
00000000
00010000
00012000
00011000
00000000
00000000
00000000

Valid moves for 2:
2, 2
2, 4
4, 2
6, 2

Player 2: 2, 4

After move by Player 2
00000000
00000000
00010000
00012000
00012000
00002000
00000000
00000000


Round: 6
00000000
00000000
00010000
00012000
00012000
00002000
00000000
00000000

Valid moves for 1:
1, 5
2, 5
3, 5
4, 5
5, 5

Player 1: 4, 5

After move by Player 1
00000000
00000000
00010000
00011100
00012000
00002000
00000000
00000000


Round: 7
00000000
00000000
00010000
00011100
00012000
00002000
00000000
00000000

Valid moves for 2:
3, 2
4, 2
5, 2
5, 4
5, 6

Player 2: 5, 4

After move by Player 2
00000000
00000000
00012000
00012100
00012000
00002000
00000000
00000000


Round: 8
00000000
00000000
00012000
00012100
00012000
00002000
00000000
00000000

Valid moves for 1:
1, 5
2, 3
2, 5
3, 5
5, 5
6, 3
6, 5

Player 1: 3, 5

After move by Player 1
00000000
00000000
00012000
00011100
00011100
00002000
00000000
00000000


Round: 9
00000000
00000000
00012000
00011100
00011100
00002000
00000000
00000000

Valid moves for 2:
3, 2
3, 6
4, 2
4, 6
5, 2

Player 2: 5, 2

After move by Player 2
00000000
00000000
00222000
00011100
00011100
00002000
00000000
00000000


Round: 10
00000000
00000000
00222000
00011100
00011100
00002000
00000000
00000000

Valid moves for 1:
1, 3
1, 4
1, 5
6, 1
6, 2
6, 3
6, 4
6, 5

Player 1: 6, 2

After move by Player 1
00000000
00100000
00212000
00011100
00011100
00002000
00000000
00000000


Round: 11
00000000
00100000
00212000
00011100
00011100
00002000
00000000
00000000

Valid moves for 2:
2, 5
3, 2
3, 6
4, 2
4, 6
7, 2

Player 2: 4, 6

After move by Player 2
00000000
00100000
00212000
00011120
00011200
00002000
00000000
00000000


Round: 12
00000000
00100000
00212000
00011120
00011200
00002000
00000000
00000000

Valid moves for 1:
1, 4
1, 5
2, 5
2, 6
3, 6
4, 2
4, 7
5, 1
5, 5
6, 1
6, 3
6, 4
6, 5

Player 1: 3, 6

After move by Player 1
00000000
00100000
00212000
00011120
00011110
00002000
00000000
00000000


Round: 13
00000000
00100000
00212000
00011120
00011110
00002000
00000000
00000000

Valid moves for 2:
2, 5
2, 6
2, 7
3, 2
4, 2
7, 2

Player 2: 2, 5

After move by Player 2
00000000
00100000
00212000
00021120
00012110
00002200
00000000
00000000


Round: 14
00000000
00100000
00212000
00021120
00012110
00002200
00000000
00000000

Valid moves for 1:
1, 3
1, 4
1, 5
2, 3
4, 2
4, 7
5, 1
5, 5
5, 6
5, 7
6, 3
6, 4

Player 1: 4, 2

After move by Player 1
00000000
00100000
00112000
00111120
00012110
00002200
00000000
00000000


Round: 15
00000000
00100000
00112000
00111120
00012110
00002200
00000000
00000000

Valid moves for 2:
2, 6
2, 7
3, 2
3, 7
4, 1
4, 7
5, 1
5, 5
5, 6
6, 1

Player 2: 2, 6

After move by Player 2
00000000
00100000
00112000
00111120
00012120
00002220
00000000
00000000


Round: 16
00000000
00100000
00112000
00111120
00012120
00002220
00000000
00000000

Valid moves for 1:
1, 3
1, 4
1, 5
1, 6
1, 7
2, 3
2, 7
3, 7
4, 7
5, 5
5, 7
6, 3
6, 4
6, 5

Player 1: 2, 7

After move by Player 1
00000000
00100000
00112000
00111120
00012110
00002221
00000000
00000000


Round: 17
00000000
00100000
00112000
00111120
00012110
00002221
00000000
00000000

Valid moves for 2:
3, 2
3, 7
4, 1
4, 7
5, 1
5, 5
5, 6
6, 1
7, 1

Player 2: 4, 1

After move by Player 2
00000000
00100000
00112000
02222220
00012110
00002221
00000000
00000000


Round: 18
00000000
00100000
00112000
02222220
00012110
00002221
00000000
00000000

Valid moves for 1:
1, 3
1, 4
1, 5
1, 6
1, 7
2, 3
3, 0
3, 1
3, 2
5, 1
5, 5
5, 6
5, 7
6, 3

Player 1: 1, 4

After move by Player 1
00000000
00100000
00112000
02222220
00012110
00002121
00001000
00000000


Round: 19
00000000
00100000
00112000
02222220
00012110
00002121
00001000
00000000

Valid moves for 2:
0, 4
1, 5
1, 6
2, 2
2, 3
3, 2
3, 7
5, 1
6, 1
6, 3
6, 4
7, 1
7, 2

Player 2: 3, 7

After move by Player 2
00000000
00100000
00112000
02222220
00012222
00002121
00001000
00000000


Round: 20
00000000
00100000
00112000
02222220
00012222
00002121
00001000
00000000

Valid moves for 1:
1, 5
1, 7
2, 3
3, 0
3, 1
3, 2
4, 7
5, 1
5, 5
6, 3
6, 4

Player 1: 1, 7

After move by Player 1
00000000
00100000
00112000
02221220
00012122
00002111
00001001
00000000


Round: 21
00000000
00100000
00112000
02221220
00012122
00002111
00001001
00000000

Valid moves for 2:
0, 3
0, 4
0, 7
1, 5
1, 6
2, 3
3, 2
5, 1
6, 1
6, 3
6, 4
7, 2

Player 2: 1, 6

After move by Player 2
00000000
00100000
00112000
02221220
00012122
00002221
00001021
00000000


Round: 22
00000000
00100000
00112000
02221220
00012122
00002221
00001021
00000000

Valid moves for 1:
0, 5
0, 7
1, 3
1, 5
2, 3
3, 0
3, 1
3, 2
4, 0
4, 7
5, 1
5, 5
5, 7
6, 3
6, 4

Player 1: 1, 3

After move by Player 1
00000000
00100000
00112000
02221220
00012122
00001221
00011021
00000000


Round: 23
00000000
00100000
00112000
02221220
00012122
00001221
00011021
00000000

Valid moves for 2:
0, 2
0, 3
0, 4
0, 7
1, 5
2, 3
3, 2
5, 1
6, 1
6, 3
6, 4
7, 1
7, 2

Player 2: 0, 7

After move by Player 2
00000000
00100000
00112000
02221220
00012122
00001222
00011022
00000002


Round: 24
00000000
00100000
00112000
02221220
00012122
00001222
00011022
00000002

Valid moves for 1:
1, 5
3, 0
3, 1
3, 2
4, 0
4, 7
5, 1
5, 5
5, 7
6, 4

Player 1: 6, 4

After move by Player 1
00000000
00101000
00111000
02221220
00012122
00001222
00011022
00000002


Round: 25
00000000
00101000
00111000
02221220
00012122
00001222
00011022
00000002

Valid moves for 2:
0, 2
0, 3
0, 4
1, 5
2, 3
3, 2
6, 1
6, 3
6, 5
7, 1
7, 2
7, 4
7, 5

Player 2: 2, 3

After move by Player 2
00000000
00101000
00111000
02221220
00022122
00022222
00011022
00000002


Round: 26
00000000
00101000
00111000
02221220
00022122
00022222
00011022
00000002

Valid moves for 1:
1, 5
2, 2
3, 0
3, 1
3, 2
4, 0
4, 7
5, 5
5, 7

Player 1: 4, 7

After move by Player 1
00000000
00101000
00111000
02221111
00022112
00022122
00011022
00000002


Round: 27
00000000
00101000
00111000
02221111
00022112
00022122
00011022
00000002

Valid moves for 2:
0, 2
0, 3
0, 4
0, 5
5, 5
5, 6
5, 7
6, 1
6, 3
6, 5
7, 1
7, 2
7, 4
7, 5

Player 2: 5, 5

After move by Player 2
00000000
00101000
00111200
02222121
00022112
00022122
00011022
00000002


Round: 28
00000000
00101000
00111200
02222121
00022112
00022122
00011022
00000002

Valid moves for 1:
0, 6
1, 2
2, 2
3, 0
3, 1
3, 2
4, 0
5, 6
5, 7
6, 5

Player 1: 1, 2

After move by Player 1
00000000
00101000
00111200
02222121
00021112
00012122
00111022
00000002


Round: 29
00000000
00101000
00111200
02222121
00021112
00012122
00111022
00000002

Valid moves for 2:
0, 2
0, 3
0, 4
1, 5
2, 2
5, 1
5, 7
6, 1
6, 3
6, 5
7, 1
7, 2
7, 3
7, 4
7, 5

Player 2: 1, 5

After move by Player 2
00000000
00101000
00111200
02222221
00021212
00012222
00111222
00000002


Round: 30
00000000
00101000
00111200
02222221
00021212
00012222
00111222
00000002

Valid moves for 1:
0, 6
3, 0
3, 1
3, 2
4, 0
5, 6
5, 7

Player 1: 0, 6

After move by Player 1
00000000
00101000
00111200
02222221
00021212
00012212
00111212
00000012


Round: 31
00000000
00101000
00111200
02222221
00021212
00012212
00111212
00000012

Valid moves for 2:
0, 1
0, 2
0, 3
0, 4
0, 5
1, 1
2, 2
5, 1
5, 7
6, 1
6, 3
6, 5
7, 1
7, 2
7, 3
7, 4
7, 5

Player 2: 1, 1

After move by Player 2
00000000
00101000
00111200
02222221
00021212
00012212
02222212
00000012


Round: 32
00000000
00101000
00111200
02222221
00021212
00012212
02222212
00000012

Valid moves for 1:
0, 1
0, 3
0, 4
0, 5
1, 0
3, 0
3, 1
3, 2
4, 0
5, 1
5, 6

Player 1: 5, 6

After move by Player 1
00000000
00101000
00111110
02222111
00021212
00012212
02222212
00000012


Round: 33
00000000
00101000
00111110
02222111
00021212
00012212
02222212
00000012

Valid moves for 2:
0, 5
2, 2
3, 2
5, 7
6, 1
6, 3
6, 5
6, 6
6, 7
7, 1
7, 2
7, 3
7, 4
7, 5

Player 2: 2, 2

After move by Player 2
00000000
00101000
00111110
02222111
00021212
00222212
02222212
00000012


Round: 34
00000000
00101000
00111110
02222111
00021212
00222212
02222212
00000012

Valid moves for 1:
0, 0
0, 1
0, 2
0, 3
0, 4
0, 5
1, 0
2, 1
3, 0
3, 1
3, 2
4, 0
5, 1

Player 1: 3, 0

After move by Player 1
00000000
00101000
00111110
01222111
10021212
00222212
02222212
00000012


Round: 35
00000000
00101000
00111110
01222111
10021212
00222212
02222212
00000012

Valid moves for 2:
0, 5
4, 0
5, 7
6, 1
6, 3
6, 5
6, 6
6, 7
7, 1
7, 2
7, 3
7, 4
7, 5

Player 2: 6, 5

After move by Player 2
00000000
00101200
00112210
01222211
10021212
00222212
02222212
00000012


Round: 36
00000000
00101200
00112210
01222211
10021212
00222212
02222212
00000012

Valid moves for 1:
0, 1
0, 2
0, 3
0, 4
1, 0
2, 1
3, 1
3, 2
5, 1
6, 3
6, 6
7, 4

Player 1: 0, 4

After move by Player 1
00000000
00101200
00112210
01222211
10021212
00221212
02221112
00001012


Round: 37
00000000
00101200
00112210
01222211
10021212
00221212
02221112
00001012

Valid moves for 2:
0, 3
0, 5
4, 0
5, 1
5, 7
6, 1
6, 3
6, 7
7, 1
7, 2
7, 3
7, 4
7, 5

Player 2: 0, 5

After move by Player 2
00000000
00101200
00112210
01222211
10021212
00221212
02222222
00001222


Round: 38
00000000
00101200
00112210
01222211
10021212
00221212
02222222
00001222

Valid moves for 1:
0, 1
0, 2
0, 3
2, 1
3, 1
3, 2
5, 1
6, 3
6, 6
7, 4

Player 1: 0, 1

After move by Player 1
00000000
00101200
00112210
01222211
10021212
00211212
02122222
01001222


Round: 39
00000000
00101200
00112210
01222211
10021212
00211212
02122222
01001222

Valid moves for 2:
0, 2
0, 3
3, 2
4, 0
5, 1
5, 7
6, 1
6, 3
6, 6
6, 7
7, 1
7, 2
7, 3
7, 4
7, 5

Player 2: 0, 3

After move by Player 2
00000000
00101200
00112210
01222211
10021212
00211212
02122222
01022222


Round: 40
00000000
00101200
00112210
01222211
10021212
00211212
02122222
01022222

Valid moves for 1:
0, 2
1, 0
2, 1
3, 1
3, 2
5, 1
6, 3
6, 6
7, 4

Player 1: 5, 1

After move by Player 1
00000000
00101200
01112210
01122211
10011212
00211212
02122222
01022222


Round: 41
00000000
00101200
01112210
01122211
10011212
00211212
02122222
01022222

Valid moves for 2:
0, 2
2, 1
3, 2
4, 0
5, 0
5, 7
6, 0
6, 1
6, 3
6, 6
6, 7
7, 1
7, 3
7, 4

Player 2: 0, 2

After move by Player 2
00000000
00101200
01112210
01122211
10011212
00211212
02222222
01222222


Round: 42
00000000
00101200
01112210
01122211
10011212
00211212
02222222
01222222

Valid moves for 1:
0, 0
2, 1
6, 3
6, 6
7, 4

Player 1: 6, 3

After move by Player 1
00000000
00111200
01111210
01122111
10011212
00211212
02222222
01222222


Round: 43
00000000
00111200
01111210
01122111
10011212
00211212
02222222
01222222

Valid moves for 2:
0, 0
3, 2
4, 0
5, 0
5, 7
6, 0
6, 1
6, 6
6, 7
7, 1
7, 2
7, 3
7, 4

Player 2: 0, 0

After move by Player 2
00000000
00111200
01111210
01122111
10011212
00211212
02222222
22222222


Round: 44
00000000
00111200
01111210
01122111
10011212
00211212
02222222
22222222

Valid moves for 1:
2, 1
3, 2
6, 6
7, 4
7, 5
7, 6

Player 1: 7, 4

After move by Player 1
00001000
00111100
01111210
01122111
10011212
00211212
02222222
22222222


Round: 45
00001000
00111100
01111210
01122111
10011212
00211212
02222222
22222222

Valid moves for 2:
3, 2
4, 0
5, 0
5, 7
6, 0
6, 1
6, 6
6, 7
7, 1
7, 2
7, 3
7, 5
7, 6

Player 2: 6, 7

After move by Player 2
00001000
00111102
01111220
01122211
10012212
00221212
02222222
22222222


Round: 46
00001000
00111102
01111220
01122211
10012212
00221212
02222222
22222222

Valid moves for 1:
2, 1
3, 2
5, 7
6, 6

Player 1: 2, 1

After move by Player 1
00001000
00111102
01111220
01122211
10012212
01111212
02222222
22222222


Round: 47
00001000
00111102
01111220
01122211
10012212
01111212
02222222
22222222

Valid moves for 2:
2, 0
3, 1
3, 2
4, 0
5, 0
5, 7
6, 0
6, 1
7, 1
7, 2
7, 3
7, 5
7, 6

Player 2: 3, 2

After move by Player 2
00001000
00111102
01111220
01122211
10222212
01221212
02222222
22222222


Round: 48
00001000
00111102
01111220
01122211
10222212
01221212
02222222
22222222

Valid moves for 1:
3, 1
5, 7
6, 6

Player 1: 5, 7

After move by Player 1
00001000
00111102
01111111
01122211
10222212
01221212
02222222
22222222


Round: 49
00001000
00111102
01111111
01122211
10222212
01221212
02222222
22222222

Valid moves for 2:
1, 0
2, 0
3, 1
4, 0
5, 0
6, 0
6, 1
6, 6
7, 1
7, 2
7, 3
7, 5
7, 6

Player 2: 7, 2

After move by Player 2
00201000
00221102
01212111
01222211
10222212
01221212
02222222
22222222


Round: 50
00201000
00221102
01212111
01222211
10222212
01221212
02222222
22222222

Valid moves for 1:
3, 1
6, 1
7, 1
7, 3
7, 7

Player 1: 7, 7

After move by Player 1
00201001
00221101
01212111
01222211
10222212
01221212
02222222
22222222


Round: 51
00201001
00221101
01212111
01222211
10222212
01221212
02222222
22222222

Valid moves for 2:
1, 0
2, 0
3, 1
4, 0
5, 0
6, 0
6, 6
7, 3
7, 5
7, 6

Player 2: 7, 5

After move by Player 2
00201201
00222201
01222211
01222211
10222212
01221212
02222222
22222222


Round: 52
00201201
00222201
01222211
01222211
10222212
01221212
02222222
22222222

Valid moves for 1:
3, 1
7, 1
7, 3
7, 6

Player 1: 7, 1

After move by Player 1
01201201
00122201
01212211
01221211
10222112
01221212
02222222
22222222


Round: 53
01201201
00122201
01212211
01221211
10222112
01221212
02222222
22222222

Valid moves for 2:
1, 0
2, 0
3, 1
4, 0
5, 0
6, 0
6, 1
6, 6
7, 0
7, 3

Player 2: 7, 0

After move by Player 2
22201201
00122201
01212211
01221211
10222112
01221212
02222222
22222222


Round: 54
22201201
00122201
01212211
01221211
10222112
01221212
02222222
22222222

Valid moves for 1:
3, 1
6, 6
7, 3
7, 6

Player 1: 7, 6

After move by Player 1
22201111
00122101
01211211
01211211
10122112
01221212
02222222
22222222


Round: 55
22201111
00122101
01211211
01211211
10122112
01221212
02222222
22222222

Valid moves for 2:
2, 0
3, 1
4, 0
5, 0
6, 0
6, 1
6, 6

Player 2: 3, 1

After move by Player 2
22201111
00122101
01211211
01211211
12222112
02221212
02222222
22222222


Round: 56
22201111
00122101
01211211
01211211
12222112
02221212
02222222
22222222

Valid moves for 1:
1, 0
2, 0
6, 1
6, 6
7, 3

Player 1: 2, 0

After move by Player 1
22201111
00122101
01211211
01111211
11222112
11111212
02222222
22222222


Round: 57
22201111
00122101
01211211
01111211
11222112
11111212
02222222
22222222

Valid moves for 2:
1, 0
4, 0
5, 0
6, 0
6, 1
6, 6

Player 2: 6, 6

After move by Player 2
22201111
00122221
01211221
01111221
11222122
11111222
02222222
22222222


Round: 58
22201111
00122221
01211221
01111221
11222122
11111222
02222222
22222222

Valid moves for 1:
6, 1
7, 3

Player 1: 7, 3

After move by Player 1
22211111
00112221
01211221
01111221
11222122
11111222
02222222
22222222


Round: 59
22211111
00112221
01211221
01111221
11222122
11111222
02222222
22222222

Valid moves for 2:
1, 0
4, 0
5, 0
6, 0
6, 1

Player 2: 6, 1

After move by Player 2
22211111
02222221
02211221
02111221
12222122
12111222
02222222
22222222


Round: 60
22211111
02222221
02211221
02111221
12222122
12111222
02222222
22222222

Valid moves for 1:
1, 0
4, 0
5, 0
6, 0

Player 1: 5, 0

After move by Player 1
22211111
02222221
11111221
01111221
12122122
12111222
02222222
22222222


Round: 61
22211111
02222221
11111221
01111221
12122122
12111222
02222222
22222222

Valid moves for 2:
4, 0
6, 0

Player 2: 6, 0

After move by Player 2
22211111
22222221
12111221
01211221
12122122
12111222
02222222
22222222


Round: 62
22211111
22222221
12111221
01211221
12122122
12111222
02222222
22222222

Valid moves for 1:
1, 0
4, 0

Player 1: 4, 0

After move by Player 1
22211111
22122221
11111221
11211221
11122122
12111222
02222222
22222222


Round: 63
22211111
22122221
11111221
11211221
11122122
12111222
02222222
22222222

Valid moves for 2:
1, 0

Player 2: 1, 0

After move by Player 2
22211111
22122221
21111221
21211221
21122122
22111222
22222222
22222222


Round: 64
22211111
22122221
21111221
21211221
21122122
22111222
22222222
22222222

Valid moves for 1:

Player 1 can't move

Round: 64
22211111
22122221
21111221
21211221
21122122
22111222
22222222
22222222

Valid moves for 2:

Player 2 can't move

Black: 22
White: 42

